{
  "cells": [
    {
      "cell_type": "markdown",
      "id": "cfeb2e8a",
      "metadata": {
        "id": "cfeb2e8a"
      },
      "source": [
        "<img src=\"cover_page.jpg\" alt=\"Alt text\" width=\"700\"/>"
      ]
    },
    {
      "cell_type": "markdown",
      "id": "vO0JlwzimLWB",
      "metadata": {
        "id": "vO0JlwzimLWB"
      },
      "source": [
        "##### **Clustering**\n",
        "Es una técnica de machine learning que pertenece a la categoría de los algoritmos no supervisados.\n",
        "Es decir, **No contamos con variables independientes ni dependientes**.\n",
        "El objetivo de esta técnica es agrupar los datos que presentan entre ellos ciertas semejanzas, características, etc.\n",
        "y por consecuencia, por discriminación identificar los datos que no pertenecen a este grupo.\n",
        "**Aplicaciones:**\n",
        "* Marketing digital\n",
        "* Taxonomías o clasificaciones de animales\n",
        "* Detección del epicentro en los terremótos\n",
        "* Urbanismo"
      ]
    },
    {
      "cell_type": "code",
      "execution_count": 46,
      "id": "MJo1oAuzmRth",
      "metadata": {
        "id": "MJo1oAuzmRth"
      },
      "outputs": [],
      "source": [
        "# Cargar la librería para calcular la matriz de distancia\n",
        "import pandas as pd\n",
        "import matplotlib.pyplot as plt\n",
        "from sklearn.cluster import KMeans\n",
        "import numpy as np\n",
        "from sklearn.metrics import pairwise_distances"
      ]
    },
    {
      "cell_type": "code",
      "execution_count": 47,
      "id": "uHCj7jWVmUln",
      "metadata": {
        "colab": {
          "base_uri": "https://localhost:8080/",
          "height": 363
        },
        "id": "uHCj7jWVmUln",
        "outputId": "0d8c548a-e8fd-4033-d492-5e4543819340"
      },
      "outputs": [
        {
          "data": {
            "application/vnd.google.colaboratory.intrinsic+json": {
              "summary": "{\n  \"name\": \"data\",\n  \"rows\": 10,\n  \"fields\": [\n    {\n      \"column\": \"user_id\",\n      \"properties\": {\n        \"dtype\": \"number\",\n        \"std\": 3,\n        \"min\": 1,\n        \"max\": 10,\n        \"num_unique_values\": 10,\n        \"samples\": [\n          9,\n          2,\n          6\n        ],\n        \"semantic_type\": \"\",\n        \"description\": \"\"\n      }\n    },\n    {\n      \"column\": \"star_wars\",\n      \"properties\": {\n        \"dtype\": \"number\",\n        \"std\": 2.0329507836858443,\n        \"min\": 1.2,\n        \"max\": 7.4,\n        \"num_unique_values\": 9,\n        \"samples\": [\n          1.8,\n          2.1,\n          2.5\n        ],\n        \"semantic_type\": \"\",\n        \"description\": \"\"\n      }\n    },\n    {\n      \"column\": \"lord_of_the_rings\",\n      \"properties\": {\n        \"dtype\": \"number\",\n        \"std\": 3.083720696388266,\n        \"min\": 0.5,\n        \"max\": 9.3,\n        \"num_unique_values\": 10,\n        \"samples\": [\n          1.7,\n          8.1,\n          3.7\n        ],\n        \"semantic_type\": \"\",\n        \"description\": \"\"\n      }\n    },\n    {\n      \"column\": \"harry_potter\",\n      \"properties\": {\n        \"dtype\": \"number\",\n        \"std\": 3.0261086122829983,\n        \"min\": 1.8,\n        \"max\": 9.9,\n        \"num_unique_values\": 10,\n        \"samples\": [\n          3.1,\n          7.9,\n          6.5\n        ],\n        \"semantic_type\": \"\",\n        \"description\": \"\"\n      }\n    }\n  ]\n}",
              "type": "dataframe",
              "variable_name": "data"
            },
            "text/html": [
              "\n",
              "  <div id=\"df-d7f34076-2bc5-422c-9f64-4b027725ba2b\" class=\"colab-df-container\">\n",
              "    <div>\n",
              "<style scoped>\n",
              "    .dataframe tbody tr th:only-of-type {\n",
              "        vertical-align: middle;\n",
              "    }\n",
              "\n",
              "    .dataframe tbody tr th {\n",
              "        vertical-align: top;\n",
              "    }\n",
              "\n",
              "    .dataframe thead th {\n",
              "        text-align: right;\n",
              "    }\n",
              "</style>\n",
              "<table border=\"1\" class=\"dataframe\">\n",
              "  <thead>\n",
              "    <tr style=\"text-align: right;\">\n",
              "      <th></th>\n",
              "      <th>user_id</th>\n",
              "      <th>star_wars</th>\n",
              "      <th>lord_of_the_rings</th>\n",
              "      <th>harry_potter</th>\n",
              "    </tr>\n",
              "  </thead>\n",
              "  <tbody>\n",
              "    <tr>\n",
              "      <th>0</th>\n",
              "      <td>1</td>\n",
              "      <td>1.2</td>\n",
              "      <td>4.9</td>\n",
              "      <td>2.1</td>\n",
              "    </tr>\n",
              "    <tr>\n",
              "      <th>1</th>\n",
              "      <td>2</td>\n",
              "      <td>2.1</td>\n",
              "      <td>8.1</td>\n",
              "      <td>7.9</td>\n",
              "    </tr>\n",
              "    <tr>\n",
              "      <th>2</th>\n",
              "      <td>3</td>\n",
              "      <td>7.4</td>\n",
              "      <td>3.0</td>\n",
              "      <td>9.9</td>\n",
              "    </tr>\n",
              "    <tr>\n",
              "      <th>3</th>\n",
              "      <td>4</td>\n",
              "      <td>5.6</td>\n",
              "      <td>0.5</td>\n",
              "      <td>1.8</td>\n",
              "    </tr>\n",
              "    <tr>\n",
              "      <th>4</th>\n",
              "      <td>5</td>\n",
              "      <td>1.5</td>\n",
              "      <td>8.3</td>\n",
              "      <td>2.6</td>\n",
              "    </tr>\n",
              "    <tr>\n",
              "      <th>5</th>\n",
              "      <td>6</td>\n",
              "      <td>2.5</td>\n",
              "      <td>3.7</td>\n",
              "      <td>6.5</td>\n",
              "    </tr>\n",
              "    <tr>\n",
              "      <th>6</th>\n",
              "      <td>7</td>\n",
              "      <td>2.0</td>\n",
              "      <td>8.2</td>\n",
              "      <td>8.5</td>\n",
              "    </tr>\n",
              "    <tr>\n",
              "      <th>7</th>\n",
              "      <td>8</td>\n",
              "      <td>1.8</td>\n",
              "      <td>9.3</td>\n",
              "      <td>4.5</td>\n",
              "    </tr>\n",
              "    <tr>\n",
              "      <th>8</th>\n",
              "      <td>9</td>\n",
              "      <td>2.6</td>\n",
              "      <td>1.7</td>\n",
              "      <td>3.1</td>\n",
              "    </tr>\n",
              "    <tr>\n",
              "      <th>9</th>\n",
              "      <td>10</td>\n",
              "      <td>1.5</td>\n",
              "      <td>4.7</td>\n",
              "      <td>2.3</td>\n",
              "    </tr>\n",
              "  </tbody>\n",
              "</table>\n",
              "</div>\n",
              "    <div class=\"colab-df-buttons\">\n",
              "\n",
              "  <div class=\"colab-df-container\">\n",
              "    <button class=\"colab-df-convert\" onclick=\"convertToInteractive('df-d7f34076-2bc5-422c-9f64-4b027725ba2b')\"\n",
              "            title=\"Convert this dataframe to an interactive table.\"\n",
              "            style=\"display:none;\">\n",
              "\n",
              "  <svg xmlns=\"http://www.w3.org/2000/svg\" height=\"24px\" viewBox=\"0 -960 960 960\">\n",
              "    <path d=\"M120-120v-720h720v720H120Zm60-500h600v-160H180v160Zm220 220h160v-160H400v160Zm0 220h160v-160H400v160ZM180-400h160v-160H180v160Zm440 0h160v-160H620v160ZM180-180h160v-160H180v160Zm440 0h160v-160H620v160Z\"/>\n",
              "  </svg>\n",
              "    </button>\n",
              "\n",
              "  <style>\n",
              "    .colab-df-container {\n",
              "      display:flex;\n",
              "      gap: 12px;\n",
              "    }\n",
              "\n",
              "    .colab-df-convert {\n",
              "      background-color: #E8F0FE;\n",
              "      border: none;\n",
              "      border-radius: 50%;\n",
              "      cursor: pointer;\n",
              "      display: none;\n",
              "      fill: #1967D2;\n",
              "      height: 32px;\n",
              "      padding: 0 0 0 0;\n",
              "      width: 32px;\n",
              "    }\n",
              "\n",
              "    .colab-df-convert:hover {\n",
              "      background-color: #E2EBFA;\n",
              "      box-shadow: 0px 1px 2px rgba(60, 64, 67, 0.3), 0px 1px 3px 1px rgba(60, 64, 67, 0.15);\n",
              "      fill: #174EA6;\n",
              "    }\n",
              "\n",
              "    .colab-df-buttons div {\n",
              "      margin-bottom: 4px;\n",
              "    }\n",
              "\n",
              "    [theme=dark] .colab-df-convert {\n",
              "      background-color: #3B4455;\n",
              "      fill: #D2E3FC;\n",
              "    }\n",
              "\n",
              "    [theme=dark] .colab-df-convert:hover {\n",
              "      background-color: #434B5C;\n",
              "      box-shadow: 0px 1px 3px 1px rgba(0, 0, 0, 0.15);\n",
              "      filter: drop-shadow(0px 1px 2px rgba(0, 0, 0, 0.3));\n",
              "      fill: #FFFFFF;\n",
              "    }\n",
              "  </style>\n",
              "\n",
              "    <script>\n",
              "      const buttonEl =\n",
              "        document.querySelector('#df-d7f34076-2bc5-422c-9f64-4b027725ba2b button.colab-df-convert');\n",
              "      buttonEl.style.display =\n",
              "        google.colab.kernel.accessAllowed ? 'block' : 'none';\n",
              "\n",
              "      async function convertToInteractive(key) {\n",
              "        const element = document.querySelector('#df-d7f34076-2bc5-422c-9f64-4b027725ba2b');\n",
              "        const dataTable =\n",
              "          await google.colab.kernel.invokeFunction('convertToInteractive',\n",
              "                                                    [key], {});\n",
              "        if (!dataTable) return;\n",
              "\n",
              "        const docLinkHtml = 'Like what you see? Visit the ' +\n",
              "          '<a target=\"_blank\" href=https://colab.research.google.com/notebooks/data_table.ipynb>data table notebook</a>'\n",
              "          + ' to learn more about interactive tables.';\n",
              "        element.innerHTML = '';\n",
              "        dataTable['output_type'] = 'display_data';\n",
              "        await google.colab.output.renderOutput(dataTable, element);\n",
              "        const docLink = document.createElement('div');\n",
              "        docLink.innerHTML = docLinkHtml;\n",
              "        element.appendChild(docLink);\n",
              "      }\n",
              "    </script>\n",
              "  </div>\n",
              "\n",
              "\n",
              "<div id=\"df-d86c39bd-3859-415e-8c34-13e7fe585821\">\n",
              "  <button class=\"colab-df-quickchart\" onclick=\"quickchart('df-d86c39bd-3859-415e-8c34-13e7fe585821')\"\n",
              "            title=\"Suggest charts\"\n",
              "            style=\"display:none;\">\n",
              "\n",
              "<svg xmlns=\"http://www.w3.org/2000/svg\" height=\"24px\"viewBox=\"0 0 24 24\"\n",
              "     width=\"24px\">\n",
              "    <g>\n",
              "        <path d=\"M19 3H5c-1.1 0-2 .9-2 2v14c0 1.1.9 2 2 2h14c1.1 0 2-.9 2-2V5c0-1.1-.9-2-2-2zM9 17H7v-7h2v7zm4 0h-2V7h2v10zm4 0h-2v-4h2v4z\"/>\n",
              "    </g>\n",
              "</svg>\n",
              "  </button>\n",
              "\n",
              "<style>\n",
              "  .colab-df-quickchart {\n",
              "      --bg-color: #E8F0FE;\n",
              "      --fill-color: #1967D2;\n",
              "      --hover-bg-color: #E2EBFA;\n",
              "      --hover-fill-color: #174EA6;\n",
              "      --disabled-fill-color: #AAA;\n",
              "      --disabled-bg-color: #DDD;\n",
              "  }\n",
              "\n",
              "  [theme=dark] .colab-df-quickchart {\n",
              "      --bg-color: #3B4455;\n",
              "      --fill-color: #D2E3FC;\n",
              "      --hover-bg-color: #434B5C;\n",
              "      --hover-fill-color: #FFFFFF;\n",
              "      --disabled-bg-color: #3B4455;\n",
              "      --disabled-fill-color: #666;\n",
              "  }\n",
              "\n",
              "  .colab-df-quickchart {\n",
              "    background-color: var(--bg-color);\n",
              "    border: none;\n",
              "    border-radius: 50%;\n",
              "    cursor: pointer;\n",
              "    display: none;\n",
              "    fill: var(--fill-color);\n",
              "    height: 32px;\n",
              "    padding: 0;\n",
              "    width: 32px;\n",
              "  }\n",
              "\n",
              "  .colab-df-quickchart:hover {\n",
              "    background-color: var(--hover-bg-color);\n",
              "    box-shadow: 0 1px 2px rgba(60, 64, 67, 0.3), 0 1px 3px 1px rgba(60, 64, 67, 0.15);\n",
              "    fill: var(--button-hover-fill-color);\n",
              "  }\n",
              "\n",
              "  .colab-df-quickchart-complete:disabled,\n",
              "  .colab-df-quickchart-complete:disabled:hover {\n",
              "    background-color: var(--disabled-bg-color);\n",
              "    fill: var(--disabled-fill-color);\n",
              "    box-shadow: none;\n",
              "  }\n",
              "\n",
              "  .colab-df-spinner {\n",
              "    border: 2px solid var(--fill-color);\n",
              "    border-color: transparent;\n",
              "    border-bottom-color: var(--fill-color);\n",
              "    animation:\n",
              "      spin 1s steps(1) infinite;\n",
              "  }\n",
              "\n",
              "  @keyframes spin {\n",
              "    0% {\n",
              "      border-color: transparent;\n",
              "      border-bottom-color: var(--fill-color);\n",
              "      border-left-color: var(--fill-color);\n",
              "    }\n",
              "    20% {\n",
              "      border-color: transparent;\n",
              "      border-left-color: var(--fill-color);\n",
              "      border-top-color: var(--fill-color);\n",
              "    }\n",
              "    30% {\n",
              "      border-color: transparent;\n",
              "      border-left-color: var(--fill-color);\n",
              "      border-top-color: var(--fill-color);\n",
              "      border-right-color: var(--fill-color);\n",
              "    }\n",
              "    40% {\n",
              "      border-color: transparent;\n",
              "      border-right-color: var(--fill-color);\n",
              "      border-top-color: var(--fill-color);\n",
              "    }\n",
              "    60% {\n",
              "      border-color: transparent;\n",
              "      border-right-color: var(--fill-color);\n",
              "    }\n",
              "    80% {\n",
              "      border-color: transparent;\n",
              "      border-right-color: var(--fill-color);\n",
              "      border-bottom-color: var(--fill-color);\n",
              "    }\n",
              "    90% {\n",
              "      border-color: transparent;\n",
              "      border-bottom-color: var(--fill-color);\n",
              "    }\n",
              "  }\n",
              "</style>\n",
              "\n",
              "  <script>\n",
              "    async function quickchart(key) {\n",
              "      const quickchartButtonEl =\n",
              "        document.querySelector('#' + key + ' button');\n",
              "      quickchartButtonEl.disabled = true;  // To prevent multiple clicks.\n",
              "      quickchartButtonEl.classList.add('colab-df-spinner');\n",
              "      try {\n",
              "        const charts = await google.colab.kernel.invokeFunction(\n",
              "            'suggestCharts', [key], {});\n",
              "      } catch (error) {\n",
              "        console.error('Error during call to suggestCharts:', error);\n",
              "      }\n",
              "      quickchartButtonEl.classList.remove('colab-df-spinner');\n",
              "      quickchartButtonEl.classList.add('colab-df-quickchart-complete');\n",
              "    }\n",
              "    (() => {\n",
              "      let quickchartButtonEl =\n",
              "        document.querySelector('#df-d86c39bd-3859-415e-8c34-13e7fe585821 button');\n",
              "      quickchartButtonEl.style.display =\n",
              "        google.colab.kernel.accessAllowed ? 'block' : 'none';\n",
              "    })();\n",
              "  </script>\n",
              "</div>\n",
              "\n",
              "  <div id=\"id_562e605a-2c4a-4207-9d3e-d85e0bf29774\">\n",
              "    <style>\n",
              "      .colab-df-generate {\n",
              "        background-color: #E8F0FE;\n",
              "        border: none;\n",
              "        border-radius: 50%;\n",
              "        cursor: pointer;\n",
              "        display: none;\n",
              "        fill: #1967D2;\n",
              "        height: 32px;\n",
              "        padding: 0 0 0 0;\n",
              "        width: 32px;\n",
              "      }\n",
              "\n",
              "      .colab-df-generate:hover {\n",
              "        background-color: #E2EBFA;\n",
              "        box-shadow: 0px 1px 2px rgba(60, 64, 67, 0.3), 0px 1px 3px 1px rgba(60, 64, 67, 0.15);\n",
              "        fill: #174EA6;\n",
              "      }\n",
              "\n",
              "      [theme=dark] .colab-df-generate {\n",
              "        background-color: #3B4455;\n",
              "        fill: #D2E3FC;\n",
              "      }\n",
              "\n",
              "      [theme=dark] .colab-df-generate:hover {\n",
              "        background-color: #434B5C;\n",
              "        box-shadow: 0px 1px 3px 1px rgba(0, 0, 0, 0.15);\n",
              "        filter: drop-shadow(0px 1px 2px rgba(0, 0, 0, 0.3));\n",
              "        fill: #FFFFFF;\n",
              "      }\n",
              "    </style>\n",
              "    <button class=\"colab-df-generate\" onclick=\"generateWithVariable('data')\"\n",
              "            title=\"Generate code using this dataframe.\"\n",
              "            style=\"display:none;\">\n",
              "\n",
              "  <svg xmlns=\"http://www.w3.org/2000/svg\" height=\"24px\"viewBox=\"0 0 24 24\"\n",
              "       width=\"24px\">\n",
              "    <path d=\"M7,19H8.4L18.45,9,17,7.55,7,17.6ZM5,21V16.75L18.45,3.32a2,2,0,0,1,2.83,0l1.4,1.43a1.91,1.91,0,0,1,.58,1.4,1.91,1.91,0,0,1-.58,1.4L9.25,21ZM18.45,9,17,7.55Zm-12,3A5.31,5.31,0,0,0,4.9,8.1,5.31,5.31,0,0,0,1,6.5,5.31,5.31,0,0,0,4.9,4.9,5.31,5.31,0,0,0,6.5,1,5.31,5.31,0,0,0,8.1,4.9,5.31,5.31,0,0,0,12,6.5,5.46,5.46,0,0,0,6.5,12Z\"/>\n",
              "  </svg>\n",
              "    </button>\n",
              "    <script>\n",
              "      (() => {\n",
              "      const buttonEl =\n",
              "        document.querySelector('#id_562e605a-2c4a-4207-9d3e-d85e0bf29774 button.colab-df-generate');\n",
              "      buttonEl.style.display =\n",
              "        google.colab.kernel.accessAllowed ? 'block' : 'none';\n",
              "\n",
              "      buttonEl.onclick = () => {\n",
              "        google.colab.notebook.generateWithVariable('data');\n",
              "      }\n",
              "      })();\n",
              "    </script>\n",
              "  </div>\n",
              "\n",
              "    </div>\n",
              "  </div>\n"
            ],
            "text/plain": [
              "   user_id  star_wars  lord_of_the_rings  harry_potter\n",
              "0        1        1.2                4.9           2.1\n",
              "1        2        2.1                8.1           7.9\n",
              "2        3        7.4                3.0           9.9\n",
              "3        4        5.6                0.5           1.8\n",
              "4        5        1.5                8.3           2.6\n",
              "5        6        2.5                3.7           6.5\n",
              "6        7        2.0                8.2           8.5\n",
              "7        8        1.8                9.3           4.5\n",
              "8        9        2.6                1.7           3.1\n",
              "9       10        1.5                4.7           2.3"
            ]
          },
          "execution_count": 47,
          "metadata": {},
          "output_type": "execute_result"
        }
      ],
      "source": [
        "# Importar el dataset que contiene preferencias de tres  peliculas. En este caso un archivo\n",
        "# separado por el caracter ;\n",
        "data = pd.read_csv(\"movies.csv\", sep=\",\")\n",
        "data"
      ]
    },
    {
      "cell_type": "code",
      "execution_count": 48,
      "id": "e3QOJNFxmlv5",
      "metadata": {
        "colab": {
          "base_uri": "https://localhost:8080/"
        },
        "id": "e3QOJNFxmlv5",
        "outputId": "7d290bb8-66bf-44ab-bf2e-d4642b38a357"
      },
      "outputs": [
        {
          "data": {
            "text/plain": [
              "['star_wars', 'lord_of_the_rings', 'harry_potter']"
            ]
          },
          "execution_count": 48,
          "metadata": {},
          "output_type": "execute_result"
        }
      ],
      "source": [
        "# El dataset esta integrado por 10 filas una por cada usuario y tres columnas de evaluación de tres películas\n",
        "# La nota de evaluación va de 0 a 10\n",
        "# Filtrar las tres columnas relacionadas con las calificaciones, filtramos la columna 1 y creamos listas\n",
        "movies = data.columns.tolist()[1:]\n",
        "movies"
      ]
    },
    {
      "cell_type": "code",
      "execution_count": 49,
      "id": "-aT1PdFbmm3n",
      "metadata": {
        "id": "-aT1PdFbmm3n"
      },
      "outputs": [],
      "source": [
        "# Cálculo de las distancias usaremos tres métodos: manhattan, Euclides, el factor de p\n",
        "dd1 = distance_matrix(data[movies], data[movies], p=1) # distancia de manhattan (x2-x1)+(x2-x1)\n",
        "dd2 = distance_matrix(data[movies], data[movies], p=2) # distancia de euclides SQRT((x2-x1)^2+(x2-x1)^2)\n",
        "dd10 = distance_matrix(data[movies], data[movies], p=10) # distancia con factor de potencia igual a 10"
      ]
    },
    {
      "cell_type": "code",
      "execution_count": 50,
      "id": "SuURhJhbmqGO",
      "metadata": {
        "colab": {
          "base_uri": "https://localhost:8080/"
        },
        "id": "SuURhJhbmqGO",
        "outputId": "e0edf4f0-cd16-4d68-e102-6aeeb6291241"
      },
      "outputs": [
        {
          "data": {
            "text/plain": [
              "array([[ 0. ,  9.9, 15.9,  9.1,  4.2,  6.9, 10.5,  7.4,  5.6,  0.7],\n",
              "       [ 9.9,  0. , 12.4, 17.2,  6.1,  6.2,  0.8,  4.9, 11.7,  9.6],\n",
              "       [15.9, 12.4,  0. , 12.4, 18.5,  9. , 12. , 17.3, 12.9, 15.2],\n",
              "       [ 9.1, 17.2, 12.4,  0. , 12.7, 11. , 18. , 15.3,  5.5,  8.8],\n",
              "       [ 4.2,  6.1, 18.5, 12.7,  0. ,  9.5,  6.5,  3.2,  8.2,  3.9],\n",
              "       [ 6.9,  6.2,  9. , 11. ,  9.5,  0. ,  7. ,  8.3,  5.5,  6.2],\n",
              "       [10.5,  0.8, 12. , 18. ,  6.5,  7. ,  0. ,  5.3, 12.5, 10.2],\n",
              "       [ 7.4,  4.9, 17.3, 15.3,  3.2,  8.3,  5.3,  0. ,  9.8,  7.1],\n",
              "       [ 5.6, 11.7, 12.9,  5.5,  8.2,  5.5, 12.5,  9.8,  0. ,  4.9],\n",
              "       [ 0.7,  9.6, 15.2,  8.8,  3.9,  6.2, 10.2,  7.1,  4.9,  0. ]])"
            ]
          },
          "execution_count": 50,
          "metadata": {},
          "output_type": "execute_result"
        }
      ],
      "source": [
        "# Distancia de  manhattan\n",
        "dd1"
      ]
    },
    {
      "cell_type": "code",
      "execution_count": 51,
      "id": "DHjqaunRmry0",
      "metadata": {
        "colab": {
          "base_uri": "https://localhost:8080/"
        },
        "id": "DHjqaunRmry0",
        "outputId": "cb8818bb-1f1a-4bda-eb43-637553633f6a"
      },
      "outputs": [
        {
          "data": {
            "text/plain": [
              "array([[ 0.        ,  6.68505797, 10.14347081,  6.22976725,  3.44963766,\n",
              "         4.74236228,  7.24499827,  5.04777179,  3.63318042,  0.41231056],\n",
              "       [ 6.68505797,  0.        ,  7.6223356 , 10.35470907,  5.33760246,\n",
              "         4.63465209,  0.6164414 ,  3.6180105 ,  8.01560977,  6.57875368],\n",
              "       [10.14347081,  7.6223356 ,  0.        ,  8.66602562, 10.77914653,\n",
              "         6.00499792,  7.62627039, 10.01049449,  8.42436941,  9.77036335],\n",
              "       [ 6.22976725, 10.35470907,  8.66602562,  0.        ,  8.84816365,\n",
              "         6.47610994, 10.82312339,  9.95841353,  3.48281495,  5.89067059],\n",
              "       [ 3.44963766,  5.33760246, 10.77914653,  8.84816365,  0.        ,\n",
              "         6.11310069,  5.92199291,  2.16794834,  6.70969448,  3.61247837],\n",
              "       [ 4.74236228,  4.63465209,  6.00499792,  6.47610994,  6.11310069,\n",
              "         0.        ,  4.94974747,  5.98748695,  3.94588393,  4.43170396],\n",
              "       [ 7.24499827,  0.6164414 ,  7.62627039, 10.82312339,  5.92199291,\n",
              "         4.94974747,  0.        ,  4.15331193,  8.47171765,  7.13722635],\n",
              "       [ 5.04777179,  3.6180105 , 10.01049449,  9.95841353,  2.16794834,\n",
              "         5.98748695,  4.15331193,  0.        ,  7.76916984,  5.10783712],\n",
              "       [ 3.63318042,  8.01560977,  8.42436941,  3.48281495,  6.70969448,\n",
              "         3.94588393,  8.47171765,  7.76916984,  0.        ,  3.29393382],\n",
              "       [ 0.41231056,  6.57875368,  9.77036335,  5.89067059,  3.61247837,\n",
              "         4.43170396,  7.13722635,  5.10783712,  3.29393382,  0.        ]])"
            ]
          },
          "execution_count": 51,
          "metadata": {},
          "output_type": "execute_result"
        }
      ],
      "source": [
        "# Distancia de Euclides\n",
        "dd2"
      ]
    },
    {
      "cell_type": "code",
      "execution_count": 52,
      "id": "iSHvtXvUmtMu",
      "metadata": {
        "colab": {
          "base_uri": "https://localhost:8080/"
        },
        "id": "iSHvtXvUmtMu",
        "outputId": "721af9d8-bd19-4378-8efc-d957831ba06a"
      },
      "outputs": [
        {
          "data": {
            "text/plain": [
              "array([[0.        , 5.80151405, 7.87518912, 4.71580324, 3.4       ,\n",
              "        4.40000323, 6.40084969, 4.40102467, 3.20008504, 0.3010246 ],\n",
              "       [5.80151405, 0.        , 5.58246346, 7.68068873, 5.3       ,\n",
              "        4.40000468, 0.6       , 3.4000102 , 6.43515864, 5.60379989],\n",
              "       [7.87518912, 5.58246346, 0.        , 8.10000659, 7.40891444,\n",
              "        4.91253202, 5.68944974, 6.57025374, 6.82060178, 7.65836384],\n",
              "       [4.71580324, 7.68068873, 8.10000659, 0.        , 7.80125508,\n",
              "        4.71710153, 7.87330678, 8.80020486, 3.00010148, 4.45075873],\n",
              "       [3.4       , 5.3       , 7.40891444, 7.80125508, 0.        ,\n",
              "        4.68146419, 5.9       , 1.90030967, 6.60000001, 3.6       ],\n",
              "       [4.40000323, 4.40000468, 4.91253202, 4.71710153, 4.68146419,\n",
              "        0.        , 4.50013531, 5.60001891, 3.40168276, 4.20000049],\n",
              "       [6.40084969, 0.6       , 5.68944974, 7.87330678, 5.9       ,\n",
              "        4.50013531, 0.        , 4.00000099, 6.59525879, 6.20203476],\n",
              "       [4.40102467, 3.4000102 , 6.57025374, 8.80020486, 1.90030967,\n",
              "        5.60001891, 4.00000099, 0.        , 7.60000003, 4.60028793],\n",
              "       [3.20008504, 6.43515864, 6.82060178, 3.00010148, 6.60000001,\n",
              "        3.40168276, 6.59525879, 7.60000003, 0.        , 3.00001372],\n",
              "       [0.3010246 , 5.60379989, 7.65836384, 4.45075873, 3.6       ,\n",
              "        4.20000049, 6.20203476, 4.60028793, 3.00001372, 0.        ]])"
            ]
          },
          "execution_count": 52,
          "metadata": {},
          "output_type": "execute_result"
        }
      ],
      "source": [
        "# Distancia potencia 10\n",
        "dd10"
      ]
    },
    {
      "cell_type": "code",
      "execution_count": 53,
      "id": "45Mem5rfmyFs",
      "metadata": {
        "id": "45Mem5rfmyFs"
      },
      "outputs": [],
      "source": [
        "# Convertir las listas de distancias a dataFrame para facilitar su interpreatción y graficado\n",
        "def dm_to_df(dd, col_name):\n",
        "    return pd.DataFrame(dd, index=col_name, columns=col_name)"
      ]
    },
    {
      "cell_type": "code",
      "execution_count": 54,
      "id": "LG3sHMGAm0pS",
      "metadata": {
        "id": "LG3sHMGAm0pS"
      },
      "outputs": [],
      "source": [
        "# Invocar las funciones para obtener el dataFrame con la matriz de distancias\n",
        "dd1_df = dm_to_df(dd1, data[\"user_id\"])"
      ]
    },
    {
      "cell_type": "code",
      "execution_count": 55,
      "id": "Z42Qd0yqm18h",
      "metadata": {
        "id": "Z42Qd0yqm18h"
      },
      "outputs": [],
      "source": [
        "# Invocar las funciones para obtener el dataFrame con la matriz de distancias\n",
        "dd2_df = dm_to_df(dd2, data[\"user_id\"])"
      ]
    },
    {
      "cell_type": "code",
      "execution_count": 56,
      "id": "xzF8Lujjm39M",
      "metadata": {
        "id": "xzF8Lujjm39M"
      },
      "outputs": [],
      "source": [
        "# Invocar las funciones para obtener el dataFrame con la matriz de distancias\n",
        "dd10_df = dm_to_df(dd10, data[\"user_id\"])"
      ]
    },
    {
      "cell_type": "code",
      "execution_count": 57,
      "id": "jjvi-2QLm7LB",
      "metadata": {
        "id": "jjvi-2QLm7LB"
      },
      "outputs": [],
      "source": [
        "import matplotlib.pyplot as plt\n",
        "# importar para graficar en 3D\n",
        "from mpl_toolkits.mplot3d import Axes3D"
      ]
    },
    {
      "cell_type": "code",
      "execution_count": 58,
      "id": "OawG8qApm9ym",
      "metadata": {
        "colab": {
          "base_uri": "https://localhost:8080/",
          "height": 747
        },
        "id": "OawG8qApm9ym",
        "outputId": "c7925222-e9b8-4a29-e54c-5fb0261dcda6"
      },
      "outputs": [
        {
          "data": {
            "text/plain": [
              "<mpl_toolkits.mplot3d.art3d.Path3DCollection at 0x7cdecd29b2b0>"
            ]
          },
          "execution_count": 58,
          "metadata": {},
          "output_type": "execute_result"
        },
        {
          "data": {
